sources:
  jgit-3.2.0.201312181205-r.tar.bz2: 585961a43b407ea49fd1d2c61a3debce761da251
  jgit-3.5.0.201409260305-r.tar.bz2: 854dc6ae9b0d312c6a5b8d507ee7d551e13b1d67
